Args: {--tmax=500000, --rate=0.1, --opt=vsgd, --freq=10000, --epsilon=1e-200}
DefArg: segment.dat
Proceeding with optimizer: nl.rug.joptimize.opt.optimizers.VSGD
10000: 207 / 2310, -1469.0407278348325
20000: 205 / 2310, -1469.9739366479466
30000: 202 / 2310, -1470.6065287432225
40000: 200 / 2310, -1471.0523470052083
50000: 199 / 2310, -1471.3872681797573
60000: 199 / 2310, -1471.6311209448859
70000: 199 / 2310, -1471.8309837051002
80000: 199 / 2310, -1472.010571634453
90000: 199 / 2310, -1472.1775351984304
100000: 199 / 2310, -1472.3138773258056
110000: 199 / 2310, -1472.4355328813417
120000: 199 / 2310, -1472.5503087356303
130000: 199 / 2310, -1472.6683389062914
140000: 199 / 2310, -1472.7890093396911
150000: 198 / 2310, -1472.916826719048
160000: 198 / 2310, -1473.019343380651
170000: 198 / 2310, -1473.1071840418122
180000: 197 / 2310, -1473.1851564161816
190000: 197 / 2310, -1473.2568232339506
200000: 197 / 2310, -1473.323522154335
210000: 197 / 2310, -1473.3865157991731
220000: 197 / 2310, -1473.4465269647028
230000: 197 / 2310, -1473.5040986938486
240000: 197 / 2310, -1473.560227112983
250000: 197 / 2310, -1473.6165928518049
260000: 197 / 2310, -1473.6760674269497
270000: 197 / 2310, -1473.731080516674
280000: 197 / 2310, -1473.7834657055562
290000: 197 / 2310, -1473.8302986190702
300000: 197 / 2310, -1473.8763095058825
310000: 197 / 2310, -1473.921736592525
320000: 197 / 2310, -1473.9669662124877
330000: 197 / 2310, -1474.0114602492752
340000: 195 / 2310, -1474.0560090748354
350000: 195 / 2310, -1474.0968593383768
360000: 195 / 2310, -1474.1368990882086
370000: 195 / 2310, -1474.1765073977672
380000: 195 / 2310, -1474.2153362847537
390000: 195 / 2310, -1474.254289060504
400000: 195 / 2310, -1474.293236353217
410000: 195 / 2310, -1474.3306016063748
420000: 195 / 2310, -1474.3600850000366
430000: 195 / 2310, -1474.382331902624
440000: 195 / 2310, -1474.4032490860707
450000: 195 / 2310, -1474.4217076685754
460000: 195 / 2310, -1474.4385068227336
470000: 195 / 2310, -1474.4532743894977
480000: 195 / 2310, -1474.466373107289
490000: 195 / 2310, -1474.4775656454017
500000: 195 / 2310, -1474.4878246252695
195 / 2310, -1474.4878246252695
500000
[[-1.378e-01,-1.294e+01,-1.307e-02,-1.673e-03,4.678e-03,-4.789e-03,4.737e-03,4.735e-03,4.171e-03,3.921e-03,-1.267e-03,-1.961e-03,-4.537e-02,1.471e-04,-3.878e-03,6.356e-01,6.679e-04,-3.435e-03,1.497e+00][4.369e-02,2.057e+02,8.653e+00,-1.378e-03,2.314e-04,1.599e+00,1.425e+00,1.440e+00,1.838e+00,1.332e-03,-2.616e-03,1.512e-03,1.994e+01,-4.949e-03,-3.467e-03,1.371e+01,1.126e-03,4.159e-01,2.229e+00][3.010e-03,-2.563e+02,-7.137e-03,-2.668e-03,3.899e-03,-4.704e-03,-2.164e-04,1.523e-03,-1.044e-02,2.928e-04,3.476e-03,-6.258e-03,6.947e-01,-3.883e-04,-9.438e-03,8.879e+01,-1.517e-03,1.551e-03,-3.262e-01][-7.640e-03,-2.375e+02,-3.818e-01,-7.123e-04,-1.919e-03,2.314e-05,3.462e-03,-3.049e-03,-6.575e-03,-5.101e-04,6.096e-04,6.198e-04,-1.883e+00,1.108e-02,-2.165e-03,-5.788e-01,2.246e-03,-6.291e-03,5.791e-01][-1.552e-01,-2.645e+02,-7.161e-01,1.375e-03,-4.912e-03,8.764e-04,-2.961e-03,3.615e-03,9.252e-04,1.521e-03,-5.869e-03,4.398e-03,-5.256e-01,1.118e-02,2.945e-03,-3.687e-01,5.172e-04,-1.967e-04,4.639e-02][1.176e-03,8.543e+01,8.960e+00,2.634e-02,-3.021e-03,5.440e-01,-3.255e-01,4.564e-01,1.891e+00,-1.460e-03,9.859e-04,-2.078e-03,1.453e+01,2.442e-03,-7.549e-04,-1.524e+01,-2.286e-03,4.492e-01,-1.563e+00][-4.522e-03,-2.647e+02,-2.258e+00,4.019e-03,-4.375e-03,2.638e-03,-7.230e-04,4.992e-03,-4.381e-03,8.690e-04,6.774e-04,1.628e-03,4.083e-03,-2.535e-03,-2.515e-03,2.069e-03,-1.615e-03,1.074e-03,-1.931e-03][-7.825e-01,5.051e+01,7.941e+00,1.413e-03,-3.124e-03,6.551e-02,2.087e-03,4.852e-03,-7.077e-01,1.640e+01,8.409e+00,8.362e+00,1.097e+02,-3.425e-01,-1.460e-01,-1.764e+01,8.729e+00,2.247e-01,-2.296e+00][-3.411e-03,-2.647e+02,-6.278e+00,2.866e-03,2.128e-03,-3.897e-03,2.621e-03,-4.699e-03,-1.834e-03,1.672e-03,-7.351e-04,-9.928e-04,2.439e-03,-1.347e-03,2.638e-03,-1.774e-03,1.288e-04,-2.133e-04,-3.829e-03][-2.476e-01,-2.645e+02,1.987e+01,2.191e-03,2.780e-03,-5.849e-02,-2.495e-01,2.710e-02,2.784e-01,-6.337e-03,-1.285e-03,-1.737e-02,-3.232e+00,3.115e-03,-1.104e-02,6.845e-02,-1.628e-02,1.127e-02,-2.737e-02][-9.154e-01,1.057e+02,8.906e+00,5.935e-03,6.459e-03,1.763e+00,3.069e+00,1.657e+00,1.287e+01,-1.592e-02,-8.068e-03,-6.567e-02,5.021e+00,8.243e-03,-2.703e-02,-1.822e+00,-6.638e-02,8.551e-01,-2.330e+00][9.198e-03,-2.647e+02,-1.541e+00,-3.213e-03,-4.704e-03,3.222e-03,4.969e-02,-2.994e-03,6.904e-02,-6.749e-03,-6.565e-03,-4.421e-03,-6.428e-02,2.962e-03,2.187e-04,-1.309e-03,-5.964e-03,1.076e-03,1.479e-03][1.390e-03,8.957e+01,2.570e+00,9.793e-03,-2.300e-03,1.270e+00,7.416e-03,4.872e-02,1.411e+00,-1.359e-03,3.403e-03,-2.304e-03,4.257e+01,-1.840e-03,1.415e-03,-1.740e+01,-8.429e-04,2.735e-01,-2.004e+00][1.796e-02,-2.647e+02,-1.024e+00,-4.153e-03,-4.477e-03,-2.848e-04,3.209e-03,4.552e-03,-5.465e-03,3.205e-03,-1.747e-03,1.126e-02,-9.743e-02,2.990e-03,1.087e-02,-8.920e-02,4.524e-03,2.666e-03,1.443e-02][-6.420e-01,-2.628e+02,-1.974e-01,1.363e-03,4.385e-03,-4.021e-03,4.588e-03,3.176e-03,-2.921e-03,-1.727e-01,-1.182e-01,-3.108e-01,-1.430e-01,1.294e-02,-4.389e-02,7.710e-01,-3.121e-01,-7.898e-02,-1.415e-01][1.061e+00,1.469e+02,9.000e+00,3.211e-03,-3.577e-03,1.050e-02,6.055e-02,-1.729e-02,-1.520e-03,-2.192e-03,3.809e-03,1.361e-05,-2.136e+00,-3.120e-03,-1.917e-03,5.202e+00,-2.941e-03,-3.964e-01,1.511e-01][1.382e-01,8.937e+01,3.618e+00,-3.286e-04,4.405e-03,-3.578e-03,1.546e-02,-1.988e-01,-5.344e+00,-2.875e-02,-9.047e-03,-5.486e-02,4.592e+00,1.680e-03,-1.134e-02,-6.642e-01,-6.011e-02,4.858e-01,-2.091e+00][8.559e-02,2.651e+01,8.999e+00,-1.195e-03,-3.234e-03,-3.681e-03,-8.483e-04,3.620e-03,-2.382e-03,-7.238e-03,-2.990e-03,-5.751e-03,-2.344e-01,3.509e-03,-4.431e-03,5.313e-03,-7.798e-03,-1.894e-01,1.854e-01][-4.184e-03,-2.647e+02,-7.651e-01,1.031e-03,-1.329e-03,1.318e-03,3.845e-03,1.575e-03,1.433e-03,-4.322e-03,1.027e-03,5.220e-04,3.053e-04,4.130e-03,4.437e-03,4.345e-03,-3.266e-03,-3.365e-03,4.397e-03][2.120e-01,-2.647e+02,-1.877e+00,8.198e-04,-5.228e-04,-8.087e-04,-5.790e-04,-1.150e-03,-6.626e-03,9.557e-02,8.256e-02,1.131e-01,-5.693e-01,-1.259e-02,4.203e-02,-2.180e-03,1.200e-01,3.066e-04,-1.576e-03][3.254e-03,1.966e+02,5.580e+00,8.493e-03,8.406e-03,7.730e-01,-9.292e-02,1.404e+00,6.831e+00,2.779e-03,-1.109e-03,5.141e-03,4.421e+01,-1.113e-03,5.867e-03,-1.987e+01,7.553e-04,2.968e-01,-2.040e+00]] {8.713e-08,3.054e-01,1.988e-04,9.204e-01,9.811e-01,4.830e-04,4.158e-05,2.984e-04,4.328e-02,1.255e-06,-9.180e-07,7.998e-07,7.807e-01,2.612e-06,2.849e-06,2.800e-04,8.237e-07,5.882e+01,7.728e+01}
22322314064253 nanoseconds
